01 default 1 0 0 35.934562583
01 agent 1 0 0 37.418922916
02 default 1 0 0 41.33062412499999
02 agent 1 0 0 40.307267
03 agent 1 0 0 53.85240733399999
03 default 1 0 0 63.510971749999996
04 default 1 0 0 58.33992966700001
04 agent 1 0 0 63.08446766700001
05 agent 1 0 0 37.65572725000001
05 default 1 0 0 50.411909750000035
06 agent 1 0 0 42.26794504100002
06 default 1 1 0 46.97630537499998
07 default 1 1 1 2.4833020830000123
07 agent 1 1 1 2.5425531660000047
08 default 1 1 1 2.5849096670000336
08 agent 1 1 1 2.430192375000047
01 agent 2 1 1 2.3758164579999743
01 default 2 1 1 2.416895708000027
02 agent 2 1 1 2.7434690829999795
02 default 2 1 1 2.3774508330000117
03 agent 2 1 1 2.697006041999998
03 default 2 1 1 2.8668181670000195
04 agent 2 1 1 2.797732499999995
04 default 2 1 1 2.4185242500000186
05 agent 2 1 1 2.5322966670000255
05 default 2 1 1 2.4927212910000094
06 agent 2 1 1 2.583929375000025
06 default 2 1 1 2.524141167000039
07 agent 2 1 1 2.69078166700001
07 default 2 1 1 2.4997139170000082
08 default 2 1 1 3.886606167000025
08 agent 2 1 1 16.55848125
01 default 3 1 1 2.3476737500000127
01 agent 3 1 1 3.1600119589999736
02 default 3 1 1 2.665136667000013
02 agent 3 1 1 2.637148041000046
03 default 3 1 1 3.227560832999984
03 agent 3 1 1 2.73721812499997
04 default 3 1 1 2.8707982079999965
04 agent 3 1 1 2.412825165999948
05 default 3 1 1 2.4671716249999918
05 agent 3 1 1 2.381458582999926
06 default 3 1 1 2.5178290410000272
06 agent 3 1 1 2.60132837499998
07 default 3 1 1 2.615003999999999
07 agent 3 1 1 2.556976791000011
08 default 3 1 1 2.58537370800002
08 agent 3 1 1 2.976454333999982
